171.857084004833
160.224347085732
164.346995077656
166.918933107217
172.06825247946
-158.005745736348
162.722705647145
-140.593040529466
27.7827459429916
170.292662062847
159.920589926306
178.054144554549
171.877691117809
164.270013040833
-124.094917224899
-10.5375922802965
-21.038688026444
-127.383664545229
165.331590889635
-78.3082685860723
159.496848778816
178.35509170953
163.726345722354
161.446002432806
173.011321953967
163.510243619216
157.523389299637
163.470770677997
178.261139135104
165.425844071067
164.504149610659
165.071774464616
27.3336781539841
162.512240346149
164.940877065996
163.123211499274
170.207976014138
174.027980051751
163.144081776722
169.432074972718
171.150714224517
174.201470025191
173.247848895346
168.618804766949
-143.212595179172
-31.504285053083
-82.5472831162873
-56.7496501008024
174.832815700146
170.334292201137
160.328892911824
174.936729158241
171.101760811068
165.285647069881
31.4473863846182
164.283383248498
-131.509794980333
1.82419182904941
-171.83452045386
122.358413642325
173.000429606383
164.451719314723
158.418220927864
173.618192316202
177.584330425414
165.633307005229
168.863973410904
165.627740487382
166.731494173357
160.981652606758
166.055374254393
167.607151229056
171.172093997995
174.945126030764
